2300 8 69.000000 
3020 8 56.000000 
2990 12 76.000000 
2830 6 77.000000 
3920 4 70.000000 
9240 9 36.000000 
2930 2 30.000000 
2990 9 63.000000 
2860 10 65.000000 
1730 7 54.000000 
2960 3 38.000000 
2920 6 66.000000 
2970 11 62.000000 
2960 5 69.000000 
2560 8 66.000000 
2920 12 54.000000 
2850 12 46.000000 
2800 10 67.000000 
2180 8 67.000000 
2170 7 70.000000 
3640 5 36.000000 
2980 8 30.000000 
2650 5 35.000000 
2861 5 80.000000 
2650 5 42.000000 
2960 11 67.000000 
1650 6 61.000000 
2970 9 68.000000 
3840 1 47.000000 
2560 8 65.000000 
2000 8 77.000000 
1861 2 73.000000 
1860 1 44.000000 
1030 8 42.000000 
3200 4 63.000000 
9140 3 74.000000 
1501 11 55.000000 
2930 12 63.000000 
2650 8 61.000000 
3400 1 45.000000 
2800 2 48.000000 
2930 8 81.000000 
2940 4 45.000000 
2180 5 65.000000 
2360 11 76.000000 
1980 6 50.000000 
2640 8 76.000000 
1910 2 73.000000 
2340 9 77.000000 
1600 11 83.000000 
3140 11 38.000000 
2580 4 70.000000 
3001 6 61.000000 
2960 11 52.000000 
2880 8 63.000000 
2900 3 53.000000 
2370 5 29.000000 
2240 6 65.000000 
3550 10 75.000000 
1840 8 52.000000 
2520 11 68.000000 
2861 9 40.000000 
2520 5 73.000000 
2800 12 75.000000 
3001 10 68.000000 
1800 5 46.000000 
2520 9 70.000000 
2820 5 31.000000 
2500 4 48.000000 
2550 9 56.000000 
2861 5 44.000000 
2340 3 43.000000 
3850 11 66.000000 
3800 7 76.000000 
2100 4 59.000000 
2550 4 73.000000 
3850 6 66.000000 
2800 5 72.000000 
2980 6 62.000000 
2275 4 58.000000 
2960 2 77.000000 
2820 7 65.000000 
2880 7 60.000000 
2930 4 77.000000 
2820 10 54.000000 
1880 12 77.000000 
2570 2 72.000000 
1850 4 44.000000 
2500 11 67.000000 
1853 12 70.000000 
2275 12 53.000000 
2570 7 37.000000 
2500 11 68.000000 
2950 5 36.000000 
3190 10 66.000000 
2547 3 78.000000 
3130 2 67.000000 
2300 1 66.000000 
3150 5 30.000000 
1600 8 41.000000 
1850 7 32.000000 
2630 11 49.000000 
2640 9 71.000000 
9255 8 76.000000 
2560 3 51.000000 
3110 1 76.000000 
2000 3 76.000000 
3980 4 30.000000 
2180 6 78.000000 
2570 8 47.000000 
2280 10 71.000000 
2550 9 51.000000 
2570 4 69.000000 
2530 10 38.000000 
2550 2 75.000000 
2540 1 48.000000 
2531 1 50.000000 
3680 10 77.000000 
1840 11 31.000000 
2627 6 61.000000 
3191 1 30.000000 
2990 2 63.000000 
2650 3 61.000000 
2920 8 38.000000 
2900 6 74.000000 
1981 4 54.000000 
2500 6 41.000000 
9255 6 76.000000 
2830 6 42.000000 
2270 4 66.000000 
2547 2 47.000000 
2910 11 74.000000 
1020 5 49.000000 
2540 3 70.000000 
2547 6 48.000000 
2930 7 61.000000 
2140 11 57.000000 
2530 7 51.000000 
2160 4 64.000000 
2530 7 53.000000 
2370 10 75.000000 
2800 10 59.000000 
3120 11 61.000000 
2940 6 49.000000 
2610 5 39.000000 
1981 9 61.000000 
2560 11 70.000000 
2950 12 37.000000 
2235 12 72.000000 
2540 2 42.000000 
9140 9 68.000000 
3060 1 69.000000 
2580 10 60.000000 
3640 10 37.000000 
2310 9 55.000000 
2580 5 40.000000 
2970 10 50.000000 
2220 1 30.000000 
2920 3 64.000000 
2320 3 77.000000 
9140 1 68.000000 
3320 10 73.000000 
2900 3 70.000000 
2220 12 32.000000 
2440 9 44.000000 
2160 4 80.000000 
2170 11 54.000000 
3360 6 72.000000 
2860 1 71.000000 
2547 12 73.000000 
3680 11 69.000000 
2650 9 72.000000 
2811 5 77.000000 
2500 1 59.000000 
3460 6 68.000000 
1820 4 40.000000 
2860 4 77.000000 
2800 5 38.000000 
9255 1 65.000000 
2547 6 71.000000 
2640 10 55.000000 
1650 5 72.000000 
2860 10 30.000000 
2860 7 74.000000 
2580 8 69.000000 
1850 3 54.000000 
2620 12 77.000000 
2070 9 57.000000 
2223 7 61.000000 
2640 5 77.000000 
2640 2 48.000000 
3200 8 75.000000 
2800 10 35.000000 
1860 3 59.000000 
1840 7 66.000000 
2950 12 76.000000 
2547 1 64.000000 
2860 12 72.000000 
2560 11 53.000000 
2860 4 55.000000 
2950 7 72.000000 
1780 2 67.000000 
1980 6 73.000000 
9100 8 61.000000 
2150 4 63.000000 
1800 5 72.000000 
2870 11 67.000000 
2820 5 60.000000 
2900 11 58.000000 
2560 9 68.000000 
2950 7 48.000000 
2390 12 56.000000 
2140 3 67.000000 
1933 11 67.000000 
1861 7 73.000000 
2980 3 67.000000 
3150 2 48.000000 
1980 9 67.000000 
2950 12 37.000000 
2560 3 72.000000 
2800 3 81.000000 
2640 4 77.000000 
2520 6 48.000000 
2590 8 67.000000 
1910 7 54.000000 
2580 9 67.000000 
2560 10 49.000000 
2840 6 35.000000 
2627 6 69.000000 
1800 3 75.000000 
2930 10 30.000000 
2560 7 65.000000 
2660 1 42.000000 
2580 12 61.000000 
2990 3 62.000000 
1930 6 58.000000 
2530 11 76.000000 
2530 11 67.000000 
1982 3 31.000000 
1970 8 65.000000 
2310 7 65.000000 
2820 12 38.000000 
1840 8 78.000000 
2940 11 61.000000 
3090 11 35.000000 
2860 11 67.000000 
2980 1 34.000000 
1500 10 77.000000 
9120 2 46.000000 
2221 10 63.000000 
2360 8 76.000000 
2220 5 74.000000 
2221 8 48.000000 
2860 6 71.000000 
3090 3 67.000000 
3920 9 73.000000 
2650 2 43.000000 
2800 6 32.000000 
2390 10 44.000000 
2860 5 72.000000 
2570 9 46.000000 
2860 3 74.000000 
2320 7 69.000000 
2812 2 76.000000 
2570 9 62.000000 
2830 10 73.000000 
3191 7 75.000000 
2861 4 71.000000 
2110 4 78.000000 
2540 9 29.000000 
2930 4 41.000000 
1820 4 65.000000 
2627 11 37.000000 
1933 12 66.000000 
2990 11 57.000000 
2140 3 44.000000 
2222 12 34.000000 
2500 8 30.000000 
2180 12 76.000000 
1910 8 73.000000 
2800 6 29.000000 
1830 10 62.000000 
1880 12 53.000000 
2861 11 66.000000 
3150 4 57.000000 
2360 8 30.000000 
3190 2 77.000000 
2223 1 71.000000 
2550 1 37.000000 
9100 11 65.000000 
2880 5 58.000000 
2980 8 35.000000 
1980 7 72.000000 
1501 11 65.000000 
2170 4 40.000000 
2550 7 51.000000 
2990 1 64.000000 
2910 2 73.000000 
2520 12 50.000000 
2990 6 53.000000 
2220 2 67.000000 
2910 8 64.000000 
2800 4 74.000000 
2900 8 75.000000 
2800 5 75.000000 
2560 9 43.000000 
9140 11 72.000000 
2540 4 75.000000 
1785 1 78.000000 
2650 9 54.000000 
2550 10 70.000000 
2550 10 71.000000 
2880 11 54.000000 
2500 3 76.000000 
3090 2 58.000000 
3190 8 78.000000 
2820 3 65.000000 
3190 7 62.000000 
2580 3 39.000000 
2300 2 46.000000 
1980 3 65.000000 
2500 6 60.000000 
2550 4 34.000000 
2340 11 69.000000 
1930 5 78.000000 
1150 11 39.000000 
3150 8 58.000000 
2320 6 32.000000 
2320 2 44.000000 
1880 4 50.000000 
2290 5 51.000000 
2260 3 58.000000 
2980 12 58.000000 
2861 4 60.000000 
1910 10 46.000000 
1785 12 71.000000 
1860 1 74.000000 
2340 5 66.000000 
1910 6 73.000000 
2650 3 60.000000 
2990 2 70.000000 
2800 12 44.000000 
2860 5 45.000000 
2320 10 56.000000 
2550 12 75.000000 
2890 10 56.000000 
3600 12 74.000000 
2150 6 69.000000 
2330 6 40.000000 
2530 2 67.000000 
2980 6 53.000000 
2860 2 42.000000 
3150 10 72.000000 
2800 7 76.000000 
2547 4 59.000000 
2275 12 44.000000 
2560 11 64.000000 
1840 11 78.000000 
1083 5 74.000000 
3210 5 42.000000 
1083 8 50.000000 
2640 2 31.000000 
2860 6 31.000000 
2800 3 77.000000 
2580 3 69.000000 
1190 8 32.000000 
2547 7 46.000000 
2470 2 59.000000 
1650 5 61.000000 
2580 7 78.000000 
1982 8 77.000000 
2221 10 51.000000 
2820 4 42.000000 
2560 4 37.000000 
2200 8 68.000000 
3191 4 70.000000 
2890 6 53.000000 
2860 8 53.000000 
1820 3 50.000000 
2590 3 74.000000 
2900 11 51.000000 
1083 11 78.000000 
2640 6 58.000000 
2580 6 77.000000 
1850 1 75.000000 
2861 4 40.000000 
2580 4 61.000000 
2861 11 72.000000 
1840 7 46.000000 
2500 10 29.000000 
2560 5 52.000000 
2560 3 44.000000 
3020 8 75.000000 
1730 12 47.000000 
2580 6 77.000000 
3150 1 52.000000 
3140 9 73.000000 
3980 6 42.000000 
2910 8 63.000000 
3191 10 70.000000 
3520 6 35.000000 
2920 1 65.000000 
1501 12 76.000000 
1501 12 79.000000 
2220 11 42.000000 
3140 2 62.000000 
2920 9 44.000000 
2920 7 32.000000 
3130 8 34.000000 
3130 10 71.000000 
2620 10 67.000000 
2820 2 69.000000 
2530 4 74.000000 
3150 9 62.000000 
2590 1 48.000000 
2610 3 63.000000 
3040 3 73.000000 
2547 4 51.000000 
2910 10 67.000000 
3040 10 71.000000 
3191 9 36.000000 
2820 10 59.000000 
2500 11 50.000000 
2547 8 55.000000 
2580 9 72.000000 
3110 3 63.000000 
1600 9 65.000000 
3080 1 63.000000 
2860 2 44.000000 
3090 3 67.000000 
3020 10 76.000000 
1190 5 78.000000 
1861 8 60.000000 
2220 11 63.000000 
2221 6 70.000000 
3040 12 45.000000 
2650 12 58.000000 
1981 6 69.000000 
2550 4 69.000000 
2222 10 42.000000 
1560 7 55.000000 
2820 11 65.000000 
2980 3 43.000000 
2540 4 72.000000 
2530 12 55.000000 
1180 2 57.000000 
1982 6 65.000000 
1850 11 49.000000 
2870 8 57.000000 
1850 4 41.000000 
2570 6 67.000000 
1910 12 73.000000 
2870 12 53.000000 
1910 5 78.000000 
1785 2 72.000000 
2960 2 38.000000 
2580 11 74.000000 
2880 9 66.000000 
2540 5 58.000000 
2560 3 77.000000 
2100 12 78.000000 
2390 5 33.000000 
2812 4 70.000000 
3210 11 54.000000 
1982 11 71.000000 
2221 8 55.000000 
2950 5 53.000000 
3290 9 58.000000 
9120 9 67.000000 
2910 5 31.000000 
1090 6 76.000000 
2650 1 65.000000 
2000 2 76.000000 
2650 6 58.000000 
1820 9 55.000000 
2980 9 42.000000 
1831 1 33.000000 
9140 11 71.000000 
2540 11 72.000000 
2650 8 67.000000 
2400 10 69.000000 
3970 8 56.000000 
2275 7 73.000000 
2110 7 63.000000 
2960 11 62.000000 
2140 10 48.000000 
3090 7 68.000000 
2220 5 49.000000 
1980 2 40.000000 
3080 12 29.000000 
3270 2 52.000000 
2222 7 75.000000 
9140 4 42.000000 
2800 10 52.000000 
2300 8 39.000000 
2560 6 31.000000 
2500 6 57.000000 
2500 5 70.000000 
2590 7 43.000000 
2860 2 72.000000 
2440 3 75.000000 
1853 5 56.000000 
2980 1 66.000000 
2000 10 35.000000 
2540 5 38.000000 
2850 8 50.000000 
2861 8 37.000000 
2590 12 60.000000 
1861 3 71.000000 
2500 3 74.000000 
1980 2 56.000000 
9140 11 63.000000 
2300 8 62.000000 
2520 11 68.000000 
1861 8 78.000000 
2570 10 65.000000 
3070 5 50.000000 
3150 7 60.000000 
3050 9 58.000000 
2860 10 38.000000 
1780 11 38.000000 
2860 12 56.000000 
3190 1 54.000000 
3150 10 35.000000 
2180 6 75.000000 
2860 2 81.000000 
2650 12 58.000000 
1830 9 66.000000 
2590 10 49.000000 
9140 1 77.000000 
2590 10 39.000000 
2240 4 52.000000 
2547 10 45.000000 
2860 7 67.000000 
2235 5 59.000000 
1640 6 52.000000 
3200 8 67.000000 
2861 10 73.000000 
2550 4 71.000000 
2920 4 74.000000 
2860 10 69.000000 
3270 3 38.000000 
3990 6 66.000000 
2240 5 67.000000 
2870 4 54.000000 
2840 5 71.000000 
9120 9 66.000000 
2820 12 58.000000 
3920 3 58.000000 
1880 5 31.000000 
9120 2 72.000000 
2260 3 32.000000 
2260 5 67.000000 
2260 3 62.000000 
2570 10 58.000000 
1860 9 62.000000 
3040 11 55.000000 
3680 7 72.000000 
2890 6 57.000000 
2840 5 63.000000 
2260 10 76.000000 
2800 7 43.000000 
3150 11 51.000000 
1880 10 64.000000 
2800 1 65.000000 
1980 6 76.000000 
3140 6 73.000000 
3700 1 52.000000 
2820 9 57.000000 
2861 10 66.000000 
3020 12 61.000000 
2170 10 50.000000 
1820 1 71.000000 
2860 6 44.000000 
1785 3 67.000000 
3120 8 73.000000 
2580 1 61.000000 
1820 2 61.000000 
2860 8 37.000000 
2547 4 75.000000 
2860 4 54.000000 
9190 10 71.000000 
2440 2 69.000000 
2650 1 78.000000 
2400 1 46.000000 
1540 1 58.000000 
2550 7 47.000000 
2800 2 41.000000 
2860 4 47.000000 
9140 8 49.000000 
3012 11 62.000000 
2650 11 55.000000 
2560 3 72.000000 
1930 4 46.000000 
3001 3 52.000000 
3140 10 53.000000 
3140 10 50.000000 
1880 5 78.000000 
2560 11 72.000000 
2800 9 55.000000 
2600 5 71.000000 
1880 4 62.000000 
2860 9 58.000000 
2547 3 61.000000 
1140 4 52.000000 
2920 1 64.000000 
3120 8 75.000000 
2520 5 44.000000 
1840 4 61.000000 
3140 5 65.000000 
2570 1 33.000000 
2861 1 44.000000 
1980 5 74.000000 
2860 12 62.000000 
9200 5 62.000000 
2861 4 72.000000 
2812 11 30.000000 
3970 5 74.000000 
3140 1 56.000000 
2950 5 33.000000 
2630 1 63.000000 
2920 10 65.000000 
2250 8 75.000000 
2870 4 71.000000 
2220 1 76.000000 
2220 7 63.000000 
2560 7 43.000000 
2530 3 52.000000 
2800 5 54.000000 
2800 2 71.000000 
2800 2 39.000000 
2490 9 73.000000 
2440 9 38.000000 
2070 2 55.000000 
2390 1 77.000000 
1020 4 74.000000 
1780 3 57.000000 
2920 3 42.000000 
2800 3 72.000000 
1650 8 46.000000 
2590 5 73.000000 
2580 4 53.000000 
2640 10 77.000000 
2200 2 74.000000 
2920 6 44.000000 
1982 4 64.000000 
2920 6 50.000000 
2240 4 73.000000 
2160 3 73.000000 
1910 3 77.000000 
2320 7 77.000000 
3190 11 78.000000 
2500 6 70.000000 
2440 1 32.000000 
2970 4 48.000000 
2800 6 70.000000 
3390 5 56.000000 
3120 4 78.000000 
1020 9 62.000000 
2900 7 63.000000 
2547 2 76.000000 
1982 6 55.000000 
2580 7 78.000000 
2840 11 55.000000 
2830 8 57.000000 
2950 10 39.000000 
1980 4 46.000000 
9280 5 32.000000 
2540 8 49.000000 
2830 11 62.000000 
1880 12 73.000000 
2860 11 57.000000 
2650 12 46.000000 
2547 5 48.000000 
2240 6 68.000000 
2550 8 32.000000 
2860 7 47.000000 
2650 11 80.000000 
1500 4 76.000000 
1850 4 53.000000 
2830 10 43.000000 
3080 8 46.000000 
3001 12 77.000000 
2222 2 72.000000 
1880 4 31.000000 
1930 6 65.000000 
1730 1 32.000000 
2360 4 69.000000 
2650 9 67.000000 
2930 7 65.000000 
2180 5 58.000000 
2220 8 54.000000 
1820 8 86.000000 
1640 10 58.000000 
2910 1 48.000000 
3001 11 47.000000 
2860 3 76.000000 
2920 3 29.000000 
1850 2 55.000000 
2800 2 56.000000 
2861 6 60.000000 
3110 9 45.000000 
2860 9 61.000000 
3970 5 72.000000 
2860 8 74.000000 
1840 2 41.000000 
2550 11 73.000000 
2547 6 51.000000 
2820 7 48.000000 
1850 3 39.000000 
2840 8 46.000000 
3360 5 41.000000 
2812 8 62.000000 
3140 2 51.000000 
2811 1 71.000000 
2980 6 58.000000 
1981 4 47.000000 
1840 9 51.000000 
2880 5 78.000000 
3390 3 66.000000 
2860 3 78.000000 
2570 6 33.000000 
1980 10 70.000000 
2850 6 74.000000 
3020 2 38.000000 
2920 11 29.000000 
2550 6 65.000000 
1861 4 65.000000 
2440 3 66.000000 
2560 1 70.000000 
3020 12 75.000000 
2500 5 76.000000 
2800 9 38.000000 
1840 4 71.000000 
2500 3 35.000000 
1980 7 37.000000 
2861 1 66.000000 
2830 8 63.000000 
2520 10 84.000000 
1981 12 63.000000 
9140 5 47.000000 
2861 10 73.000000 
2150 11 66.000000 
2530 10 64.000000 
2820 1 51.000000 
2920 6 54.000000 
2861 1 63.000000 
2640 8 49.000000 
2980 7 48.000000 
2860 1 74.000000 
2500 6 71.000000 
2800 11 75.000000 
2547 10 39.000000 
2235 10 77.000000 
9130 5 42.000000 
1800 5 68.000000 
9300 5 71.000000 
2580 4 61.000000 
2230 10 55.000000 
1980 7 65.000000 
1850 4 58.000000 
2812 3 48.000000 
2812 11 62.000000 
2570 7 60.000000 
2520 11 61.000000 
2870 2 75.000000 
3300 3 56.000000 
2220 12 75.000000 
1853 5 71.000000 
2547 2 72.000000 
1840 8 73.000000 
9100 4 49.000000 
3010 8 62.000000 
9240 4 54.000000 
2600 5 60.000000 
3360 3 31.000000 
2801 7 75.000000 
3360 2 71.000000 
2460 3 49.000000 
2580 8 66.000000 
2870 6 74.000000 
1861 6 70.000000 
1600 9 42.000000 
2570 8 51.000000 
1600 5 34.000000 
1730 3 35.000000 
3140 12 50.000000 
1600 1 63.000000 
2100 12 48.000000 
2000 9 55.000000 
1500 6 75.000000 
2820 2 72.000000 
2650 4 38.000000 
2820 1 63.000000 
2870 6 78.000000 
2500 12 60.000000 
2570 1 40.000000 
2570 9 78.000000 
2500 2 51.000000 
1880 11 77.000000 
2840 11 73.000000 
2570 3 63.000000 
2800 6 71.000000 
2580 6 75.000000 
2580 4 60.000000 
2520 1 50.000000 
3220 5 70.000000 
2811 1 76.000000 
2812 5 61.000000 
2540 10 64.000000 
2500 5 66.000000 
9140 3 59.000000 
2220 8 77.000000 
2812 2 58.000000 
2640 12 45.000000 
9120 12 29.000000 
2970 3 67.000000 
3190 6 61.000000 
2330 4 60.000000 
9140 6 70.000000 
2000 12 61.000000 
1700 7 63.000000 
2547 2 60.000000 
2640 9 43.000000 
2910 3 75.000000 
2000 6 51.000000 
2800 11 66.000000 
2223 10 43.000000 
2970 10 32.000000 
9140 5 35.000000 
2920 12 60.000000 
3210 2 59.000000 
3550 2 64.000000 
2547 5 72.000000 
2580 5 46.000000 
2620 2 46.000000 
9140 4 32.000000 
2070 7 40.000000 
2830 12 32.000000 
2223 4 74.000000 
2140 5 51.000000 
1670 3 71.000000 
2320 1 67.000000 
2861 1 43.000000 
1981 12 66.000000 
2640 12 61.000000 
3191 3 44.000000 
1730 9 30.000000 
1800 12 42.000000 
1800 1 59.000000 
2861 6 75.000000 
2920 10 59.000000 
2880 3 72.000000 
9120 11 67.000000 
2800 9 76.000000 
2920 5 44.000000 
2590 7 72.000000 
1745 9 75.000000 
9100 7 30.000000 
2270 6 59.000000 
3650 6 59.000000 
2360 10 52.000000 
1860 4 32.000000 
2580 5 58.000000 
3191 4 41.000000 
9100 8 57.000000 
2500 10 73.000000 
2990 12 68.000000 
2550 5 53.000000 
1800 12 72.000000 
2550 3 44.000000 
2800 7 70.000000 
9100 2 64.000000 
2620 12 74.000000 
2820 10 72.000000 
2830 2 53.000000 
2223 10 73.000000 
2640 2 66.000000 
2811 3 70.000000 
2800 10 60.000000 
2560 11 76.000000 
2570 12 34.000000 
3010 5 73.000000 
2400 4 63.000000 
2812 4 75.000000 
2530 6 70.000000 
2570 1 48.000000 
2530 8 67.000000 
2550 8 56.000000 
2540 11 55.000000 
2520 9 53.000000 
3110 4 74.000000 
2330 3 76.000000 
2880 6 32.000000 
2960 8 60.000000 
2990 7 73.000000 
2980 4 29.000000 
3840 1 73.000000 
1800 4 69.000000 
2500 4 74.000000 
9150 4 70.000000 
3010 10 65.000000 
2570 12 36.000000 
9200 9 34.000000 
2260 10 61.000000 
2100 10 77.000000 
1500 4 39.000000 
1820 1 37.000000 
9200 7 56.000000 
1982 9 76.000000 
3191 6 50.000000 
1850 5 57.000000 
2800 3 76.000000 
2260 1 35.000000 
2550 10 75.000000 
1640 6 54.000000 
2270 2 74.000000 
2800 8 77.000000 
3190 10 59.000000 
2460 8 56.000000 
3191 7 66.000000 
3300 8 67.000000 
1090 4 60.000000 
9100 11 61.000000 
1730 12 43.000000 
2580 12 77.000000 
2600 8 49.000000 
3191 11 74.000000 
3060 4 47.000000 
3300 5 60.000000 
2800 5 72.000000 
2990 9 63.000000 
2830 9 54.000000 
2222 12 77.000000 
3550 12 42.000000 
2830 11 69.000000 
2560 12 37.000000 
1785 10 77.000000 
2800 5 76.000000 
2610 8 72.000000 
2240 3 33.000000 
9255 4 56.000000 
3020 7 66.000000 
1860 1 69.000000 
2230 6 36.000000 
2600 8 58.000000 
2110 3 50.000000 
2590 6 77.000000 
2240 12 63.000000 
2830 12 61.000000 
9140 11 33.000000 
3190 6 43.000000 
1820 4 40.000000 
3460 7 44.000000 
2100 11 69.000000 
1640 12 74.000000 
3120 1 72.000000 
2470 2 34.000000 
2820 1 70.000000 
2275 9 68.000000 
2830 4 60.000000 
2590 10 71.000000 
2860 9 32.000000 
2590 12 69.000000 
2590 12 30.000000 
2860 1 45.000000 
2000 5 74.000000 
2860 7 77.000000 
2870 8 76.000000 
1981 6 68.000000 
9120 10 39.000000 
2250 10 77.000000 
2800 10 40.000000 
3012 9 71.000000 
1830 9 31.000000 
9120 3 32.000000 
2801 11 64.000000 
2280 7 45.000000 
1851 9 69.000000 
1785 11 55.000000 
2590 10 45.000000 
3080 6 68.000000 
2650 10 40.000000 
2960 1 62.000000 
3191 11 34.000000 
2220 2 46.000000 
1981 10 78.000000 
3140 9 78.000000 
2580 5 70.000000 
9100 6 76.000000 
2222 10 62.000000 
2560 2 76.000000 
1980 8 73.000000 
2550 11 74.000000 
2830 7 66.000000 
1820 5 64.000000 
2860 1 63.000000 
2000 6 47.000000 
2500 1 69.000000 
2800 10 63.000000 
3650 1 70.000000 
2640 5 56.000000 
2800 4 33.000000 
2580 10 56.000000 
2650 3 51.000000 
2580 6 70.000000 
2800 3 34.000000 
2630 7 55.000000 
9190 8 57.000000 
1850 2 76.000000 
2570 10 78.000000 
1800 11 58.000000 
1840 3 36.000000 
2580 10 59.000000 
3050 5 39.000000 
2650 7 33.000000 
3150 7 76.000000 
2590 8 60.000000 
2260 3 51.000000 
2840 9 32.000000 
9140 1 60.000000 
2390 7 68.000000 
2540 10 67.000000 
3191 10 47.000000 
1140 3 61.000000 
2860 3 50.000000 
1840 12 59.000000 
1980 12 56.000000 
1880 7 76.000000 
3140 3 69.000000 
2830 7 66.000000 
9120 1 60.000000 
1190 2 67.000000 
2570 3 73.000000 
2440 9 76.000000 
1980 7 45.000000 
2170 3 51.000000 
2830 6 57.000000 
2240 1 64.000000 
1020 4 35.000000 
1640 6 29.000000 
2800 6 75.000000 
1910 6 78.000000 
1540 7 75.000000 
9120 9 35.000000 
2560 11 30.000000 
9140 9 71.000000 
2160 6 58.000000 
2812 11 60.000000 
2580 11 55.000000 
9120 2 30.000000 
2440 3 67.000000 
1150 1 78.000000 
2160 6 44.000000 
2160 2 69.000000 
2550 11 62.000000 
2220 2 70.000000 
1140 6 65.000000 
2870 8 56.000000 
2140 5 57.000000 
2650 5 59.000000 
9150 8 77.000000 
9255 11 75.000000 
1861 7 69.000000 
1860 11 74.000000 
1880 8 67.000000 
2220 3 65.000000 
3140 9 75.000000 
1850 8 50.000000 
2280 5 55.000000 
1980 2 46.000000 
1800 6 48.000000 
1800 9 69.000000 
2840 1 36.000000 
2570 10 59.000000 
3191 9 69.000000 
3120 5 59.000000 
3190 4 72.000000 
2800 2 53.000000 
9170 12 38.000000 
3150 11 71.000000 
2801 1 66.000000 
1851 5 59.000000 
1500 10 53.000000 
2160 7 69.000000 
3191 7 68.000000 
1800 5 30.000000 
2180 1 35.000000 
3140 1 44.000000 
2890 4 64.000000 
2540 12 71.000000 
3140 7 73.000000 
1850 4 66.000000 
9140 12 65.000000 
2500 2 76.000000 
1840 7 48.000000 
2140 1 60.000000 
2800 10 64.000000 
2860 4 76.000000 
1850 1 63.000000 
9240 6 62.000000 
2800 6 78.000000 
1740 9 70.000000 
2550 3 56.000000 
2500 8 75.000000 
3020 6 69.000000 
1850 7 78.000000 
2890 10 43.000000 
2590 12 42.000000 
2640 5 74.000000 
1980 11 66.000000 
1981 1 45.000000 
2800 1 73.000000 
1820 7 46.000000 
2440 12 60.000000 
3670 6 55.000000 
3500 5 60.000000 
3001 7 34.000000 
2640 1 55.000000 
3070 10 57.000000 
9120 5 76.000000 
3050 4 56.000000 
1850 5 77.000000 
3600 7 53.000000 
2400 3 60.000000 
2812 5 67.000000 
9300 3 58.000000 
2160 6 72.000000 
2560 1 39.000000 
1820 1 32.000000 
3370 8 35.000000 
1800 3 59.000000 
2940 1 68.000000 
2560 5 41.000000 
2800 4 47.000000 
2000 9 69.000000 
2860 2 42.000000 
2650 8 62.000000 
2530 4 77.000000 
2500 4 65.000000 
2550 9 65.000000 
2820 4 72.000000 
3070 6 61.000000 
3210 1 71.000000 
3140 7 54.000000 
3220 2 51.000000 
1800 3 70.000000 
2580 11 59.000000 
3130 1 71.000000 
2550 9 65.000000 
1910 5 36.000000 
3320 8 41.000000 
2900 9 78.000000 
2860 11 66.000000 
2800 7 56.000000 
2870 5 43.000000 
2223 12 66.000000 
2610 7 50.000000 
2300 6 48.000000 
2570 6 33.000000 
2800 11 52.000000 
2221 6 75.000000 
1933 4 43.000000 
2970 6 51.000000 
2860 9 65.000000 
1190 3 32.000000 
2830 6 67.000000 
2830 6 49.000000 
2800 3 59.000000 
2180 8 32.000000 
2460 7 58.000000 
2370 7 52.000000 
2650 1 75.000000 
2570 5 59.000000 
3080 5 66.000000 
2100 2 77.000000 
1840 8 74.000000 
2811 10 75.000000 
2840 6 40.000000 
2570 8 57.000000 
2570 12 36.000000 
9280 6 70.000000 
2580 1 55.000000 
3070 10 38.000000 
2110 5 76.000000 
9120 8 37.000000 
2530 6 77.000000 
2220 12 71.000000 
2590 1 64.000000 
1850 1 31.000000 
1860 4 72.000000 
2870 12 63.000000 
2220 12 65.000000 
3770 11 78.000000 
3120 5 49.000000 
2820 2 38.000000 
2650 6 70.000000 
2800 10 29.000000 
2220 7 32.000000 
2830 10 49.000000 
1981 8 78.000000 
2547 10 76.000000 
1780 2 47.000000 
2560 7 63.000000 
2800 10 58.000000 
3550 8 72.000000 
9280 9 58.000000 
2530 3 48.000000 
2220 10 59.000000 
3020 9 69.000000 
2600 7 68.000000 
1830 10 50.000000 
2070 6 35.000000 
2640 6 31.000000 
2590 4 50.000000 
2540 7 63.000000 
2570 8 57.000000 
1851 2 74.000000 
2800 12 63.000000 
3070 9 35.000000 
1910 10 70.000000 
2500 4 43.000000 
2160 9 45.000000 
1700 5 40.000000 
2100 8 71.000000 
9200 8 57.000000 
1000 8 77.000000 
2990 9 57.000000 
1780 9 49.000000 
3090 5 60.000000 
2000 10 50.000000 
3050 12 70.000000 
2360 9 58.000000 
2560 12 59.000000 
2520 6 66.000000 
2960 3 36.000000 
1000 9 73.000000 
1785 7 55.000000 
3080 5 67.000000 
2970 11 51.000000 
2811 4 69.000000 
2812 12 43.000000 
9120 12 35.000000 
2800 12 72.000000 
3060 1 61.000000 
3110 8 47.000000 
2540 11 29.000000 
2860 3 70.000000 
3150 8 75.000000 
1745 1 62.000000 
2600 5 49.000000 
2180 5 67.000000 
3920 11 42.000000 
2500 2 49.000000 
2000 3 66.000000 
1600 3 75.000000 
2811 3 61.000000 
2310 8 36.000000 
2500 7 72.000000 
2480 3 56.000000 
2280 4 41.000000 
9140 10 67.000000 
1760 9 40.000000 
1650 3 52.000000 
2820 6 45.000000 
1850 11 54.000000 
1800 3 59.000000 
1981 11 48.000000 
2540 12 65.000000 
2800 8 51.000000 
1730 2 66.000000 
2520 9 67.000000 
2980 3 70.000000 
1850 4 50.000000 
2640 9 77.000000 
3080 1 63.000000 
1831 5 78.000000 
1981 6 44.000000 
2540 5 80.000000 
2370 1 56.000000 
2300 1 30.000000 
3770 11 47.000000 
2910 10 77.000000 
2990 2 74.000000 
2500 12 46.000000 
3700 9 56.000000 
2560 8 47.000000 
1980 5 76.000000 
2650 2 49.000000 
2820 7 65.000000 
2820 6 67.000000 
2580 1 76.000000 
2800 5 65.000000 
2223 8 69.000000 
3270 11 66.000000 
3290 7 36.000000 
1910 7 68.000000 
2830 8 75.000000 
3070 8 60.000000 
1880 5 43.000000 
2811 7 76.000000 
2550 6 40.000000 
2970 8 77.000000 
2830 5 34.000000 
1180 6 77.000000 
2580 4 45.000000 
2860 6 70.000000 
2970 4 74.000000 
2170 11 68.000000 
2950 8 70.000000 
3080 5 49.000000 
2540 5 72.000000 
2840 3 65.000000 
2000 12 72.000000 
2970 10 43.000000 
2930 9 66.000000 
2550 5 75.000000 
3010 6 46.000000 
2850 5 76.000000 
2180 2 60.000000 
2500 8 61.000000 
2660 11 86.000000 
1800 6 76.000000 
3140 1 58.000000 
2800 2 52.000000 
2470 6 72.000000 
2000 8 64.000000 
2221 8 74.000000 
9100 2 61.000000 
2812 5 45.000000 
1000 6 29.000000 
1020 2 64.000000 
2650 1 68.000000 
1930 4 76.000000 
2580 7 54.000000 
2860 8 32.000000 
1930 11 74.000000 
2580 4 46.000000 
2222 10 36.000000 
2880 12 71.000000 
2860 4 41.000000 
2550 12 68.000000 
2830 1 60.000000 
2840 6 32.000000 
1700 3 69.000000 
9255 7 71.000000 
2880 5 45.000000 
3220 12 47.000000 
3210 7 44.000000 
2890 3 64.000000 
2275 8 48.000000 
2540 5 33.000000 
1670 2 40.000000 
2360 11 72.000000 
2235 1 59.000000 
2570 7 66.000000 
2240 1 58.000000 
2590 8 49.000000 
3001 5 78.000000 
2980 3 65.000000 
1840 10 64.000000 
1700 11 70.000000 
2640 9 76.000000 
2840 3 66.000000 
2223 11 77.000000 
2520 10 75.000000 
1933 11 66.000000 
2590 12 63.000000 
3020 10 41.000000 
2870 2 59.000000 
2840 11 74.000000 
2800 12 60.000000 
3150 11 76.000000 
2547 11 71.000000 
2400 9 46.000000 
3080 6 56.000000 
2650 8 70.000000 
2540 5 37.000000 
2570 3 48.000000 
2800 2 62.000000 
2860 6 73.000000 
2570 10 69.000000 
3200 11 38.000000 
2550 10 58.000000 
2820 7 36.000000 
2812 10 71.000000 
3190 10 75.000000 
1083 4 73.000000 
2640 8 69.000000 
3140 8 53.000000 
2811 10 38.000000 
2221 1 30.000000 
2650 9 48.000000 
1980 10 61.000000 
2160 7 48.000000 
3080 12 77.000000 
2590 6 34.000000 
2800 5 65.000000 
1780 6 72.000000 
3020 3 49.000000 
2640 3 29.000000 
2580 7 70.000000 
2930 10 29.000000 
1785 7 60.000000 
3120 8 47.000000 
2540 3 67.000000 
2811 9 56.000000 
2640 8 64.000000 
2540 6 69.000000 
3010 10 53.000000 
2310 9 65.000000 
3150 5 69.000000 
1800 11 40.000000 
2550 9 72.000000 
1930 1 77.000000 
1790 11 62.000000 
3190 11 58.000000 
2590 4 61.000000 
2590 1 65.000000 
2800 11 41.000000 
2280 12 48.000000 
1020 5 50.000000 
2560 5 78.000000 
2640 8 67.000000 
1933 12 70.000000 
3200 5 72.000000 
9190 5 55.000000 
1745 5 60.000000 
2820 10 40.000000 
2170 12 49.000000 
2880 3 76.000000 
2812 4 77.000000 
3970 3 47.000000 
1930 6 44.000000 
1910 1 35.000000 
2570 11 68.000000 
2530 9 32.000000 
1785 6 68.000000 
2860 4 74.000000 
1860 4 29.000000 
2860 3 33.000000 
2650 2 39.000000 
1850 1 70.000000 
2860 8 32.000000 
3560 5 76.000000 
2300 9 64.000000 
2222 11 70.000000 
2800 8 53.000000 
2820 11 65.000000 
3000 2 59.000000 
2500 4 78.000000 
2570 8 43.000000 
1982 9 55.000000 
2547 6 71.000000 
2820 6 53.000000 
2860 4 56.000000 
9140 6 51.000000 
2830 3 30.000000 
1840 11 55.000000 
2530 3 73.000000 
1730 10 64.000000 
2250 9 31.000000 
2820 1 29.000000 
2860 10 74.000000 
2222 9 46.000000 
2650 10 37.000000 
2800 8 59.000000 
2650 4 37.000000 
1860 9 75.000000 
2275 7 61.000000 
2861 1 38.000000 
2990 10 59.000000 
2500 6 71.000000 
2520 11 78.000000 
2980 1 62.000000 
2540 10 81.000000 
2223 10 62.000000 
2650 9 66.000000 
2940 12 71.000000 
2630 10 70.000000 
1840 7 34.000000 
2800 4 71.000000 
2830 3 41.000000 
3140 4 58.000000 
1500 4 71.000000 
2880 11 69.000000 
9120 10 69.000000 
2627 6 72.000000 
2500 7 72.000000 
2940 2 72.000000 
2450 7 65.000000 
2570 1 57.000000 
2570 7 73.000000 
1830 11 51.000000 
2520 10 66.000000 
1860 1 35.000000 
1860 10 67.000000 
2800 1 65.000000 
2220 10 32.000000 
2570 7 30.000000 
2240 2 58.000000 
2590 7 75.000000 
2223 3 68.000000 
1800 6 68.000000 
2830 3 68.000000 
2500 9 45.000000 
9100 8 41.000000 
3080 2 69.000000 
2590 11 47.000000 
2811 4 69.000000 
2150 6 72.000000 
2590 10 74.000000 
2600 4 78.000000 
1840 9 77.000000 
1700 10 63.000000 
1740 1 72.000000 
2560 5 57.000000 
2650 9 30.000000 
2800 1 74.000000 
1501 5 32.000000 
2200 2 44.000000 
2220 10 36.000000 
1980 7 75.000000 
2450 10 64.000000 
2500 8 76.000000 
2840 11 71.000000 
1933 7 60.000000 
1730 5 38.000000 
3010 12 77.000000 
1000 4 58.000000 
2560 9 76.000000 
2860 10 73.000000 
9140 4 45.000000 
2880 3 77.000000 
2550 11 54.000000 
1000 5 64.000000 
2830 2 57.000000 
2520 12 70.000000 
3390 2 83.000000 
1820 12 46.000000 
1861 8 29.000000 
2110 1 65.000000 
3140 4 74.000000 
2140 3 72.000000 
9280 10 45.000000 
2840 12 59.000000 
2500 5 77.000000 
3120 5 66.000000 
3090 6 38.000000 
3020 8 53.000000 
2222 10 65.000000 
1853 3 69.000000 
2800 3 48.000000 
2820 11 75.000000 
2550 11 70.000000 
2800 10 40.000000 
1981 4 41.000000 
2860 7 78.000000 
2470 5 50.000000 
1160 3 70.000000 
2880 4 69.000000 
2290 1 65.000000 
1780 2 49.000000 
2610 7 58.000000 
2221 4 47.000000 
1820 2 56.000000 
1640 3 50.000000 
2180 9 48.000000 
3012 3 53.000000 
3290 4 38.000000 
1190 12 74.000000 
1050 3 78.000000 
9190 10 49.000000 
2630 4 67.000000 
2440 3 54.000000 
2470 5 32.000000 
1930 11 77.000000 
3210 2 66.000000 
9140 6 75.000000 
2560 2 78.000000 
2580 12 42.000000 
2980 10 60.000000 
2590 3 75.000000 
1090 11 75.000000 
2860 9 45.000000 
3191 12 48.000000 
2812 4 46.000000 
3370 1 45.000000 
2600 3 45.000000 
1000 5 53.000000 
2800 4 53.000000 
3001 6 44.000000 
3150 2 69.000000 
2800 7 35.000000 
1000 9 69.000000 
2540 1 51.000000 
2270 6 65.000000 
2820 9 42.000000 
2580 4 71.000000 
2820 3 49.000000 
1853 1 51.000000 
2800 4 38.000000 
9140 9 66.000000 
9130 11 47.000000 
2920 2 84.000000 
3110 5 44.000000 
2920 9 53.000000 
1840 12 60.000000 
2570 8 64.000000 
2590 10 32.000000 
2150 9 77.000000 
1730 4 68.000000 
3210 8 52.000000 
1880 11 52.000000 
2530 7 77.000000 
3140 10 76.000000 
2540 11 56.000000 
9255 4 60.000000 
3020 2 49.000000 
3210 4 73.000000 
2800 5 69.000000 
2560 7 61.000000 
2880 2 83.000000 
2800 6 42.000000 
9200 4 78.000000 
1850 8 30.000000 
1150 4 53.000000 
2500 2 56.000000 
3110 5 52.000000 
9280 2 54.000000 
1880 12 62.000000 
2870 2 45.000000 
1800 2 77.000000 
1180 2 39.000000 
3210 9 59.000000 
2540 4 68.000000 
2547 11 64.000000 
3191 6 65.000000 
3060 5 46.000000 
2580 11 70.000000 
3640 4 40.000000 
2900 4 73.000000 
2200 6 55.000000 
3130 6 38.000000 
2100 5 83.000000 
1180 5 73.000000 
2580 2 75.000000 
2870 7 61.000000 
1150 5 75.000000 
3020 12 48.000000 
2550 7 62.000000 
2260 8 75.000000 
2550 3 44.000000 
2800 5 76.000000 
1730 1 70.000000 
3020 7 49.000000 
3150 8 51.000000 
2860 2 52.000000 
3700 3 48.000000 
1850 3 71.000000 
1780 8 46.000000 
1030 2 30.000000 
2860 1 71.000000 
2920 10 53.000000 
9200 1 35.000000 
2220 5 66.000000 
2820 2 66.000000 
2550 4 76.000000 
3150 5 66.000000 
2440 3 39.000000 
1970 7 71.000000 
1800 7 59.000000 
3050 7 72.000000 
2620 5 67.000000 
2570 5 54.000000 
1981 6 73.000000 
2830 8 61.000000 
1740 5 32.000000 
2820 5 61.000000 
3080 9 58.000000 
2812 7 72.000000 
2140 3 77.000000 
2560 4 57.000000 
2520 1 47.000000 
2250 12 80.000000 
3110 11 42.000000 
1730 8 71.000000 
3600 1 57.000000 
2800 11 78.000000 
3980 7 67.000000 
2830 11 51.000000 
3520 1 75.000000 
3020 11 78.000000 
3640 6 75.000000 
2570 1 46.000000 
2580 1 44.000000 
9255 4 31.000000 
2222 5 57.000000 
2870 9 47.000000 
2880 7 30.000000 
1030 5 72.000000 
2550 10 76.000000 
2270 4 58.000000 
2900 5 29.000000 
2570 6 45.000000 
2570 7 34.000000 
3400 2 85.000000 
2650 3 36.000000 
2870 4 58.000000 
2500 7 75.000000 
2223 4 78.000000 
2520 3 33.000000 
2640 7 70.000000 
2500 5 54.000000 
1000 3 53.000000 
2600 2 51.000000 
3850 11 34.000000 
1860 1 71.000000 
2570 1 57.000000 
2800 8 64.000000 
2650 7 41.000000 
3140 9 76.000000 
3012 10 66.000000 
2290 5 68.000000 
3070 7 41.000000 
3012 5 75.000000 
2235 8 58.000000 
1820 2 54.000000 
2840 11 76.000000 
2980 11 64.000000 
2980 8 33.000000 
2840 1 45.000000 
3090 4 75.000000 
1860 6 41.000000 
3070 5 67.000000 
3020 9 60.000000 
1981 8 34.000000 
2850 6 57.000000 
3000 9 53.000000 
2830 7 66.000000 
2580 8 74.000000 
2580 7 72.000000 
2970 3 71.000000 
2870 4 69.000000 
9120 9 69.000000 
2170 3 64.000000 
3550 11 46.000000 
2240 6 65.000000 
1785 7 65.000000 
2920 1 65.000000 
2890 1 59.000000 
3020 6 77.000000 
9240 7 54.000000 
2800 3 49.000000 
1560 7 59.000000 
2550 5 69.000000 
2560 3 47.000000 
2800 9 33.000000 
3360 6 67.000000 
3110 8 58.000000 
2840 8 67.000000 
1830 11 74.000000 
2820 8 70.000000 
2860 10 75.000000 
2860 11 75.000000 
2830 4 62.000000 
2540 8 31.000000 
2530 9 72.000000 
1840 12 77.000000 
9200 8 71.000000 
1160 1 61.000000 
3680 3 66.000000 
1150 3 45.000000 
2560 9 37.000000 
1150 3 71.000000 
1050 9 52.000000 
9200 11 64.000000 
1820 3 64.000000 
2820 5 65.000000 
3070 7 73.000000 
2830 10 63.000000 
2500 5 43.000000 
2490 9 71.000000 
2880 12 85.000000 
2960 3 72.000000 
2570 4 71.000000 
9240 2 60.000000 
2950 2 49.000000 
2950 3 55.000000 
2811 8 37.000000 
3770 10 56.000000 
2550 10 59.000000 
2650 12 33.000000 
2570 11 32.000000 
2550 11 36.000000 
3370 10 38.000000 
1861 3 39.000000 
1840 7 53.000000 
2530 11 73.000000 
9280 4 51.000000 
1650 2 54.000000 
1090 6 70.000000 
2640 5 71.000000 
2000 6 47.000000 
1861 7 46.000000 
2920 5 57.000000 
2547 7 56.000000 
1840 10 78.000000 
1650 5 72.000000 
1820 6 49.000000 
2600 3 40.000000 
2890 2 63.000000 
2275 2 55.000000 
2500 12 76.000000 
2500 7 73.000000 
3150 6 73.000000 
2811 11 48.000000 
3120 2 72.000000 
3000 12 43.000000 
2580 8 43.000000 
3130 8 73.000000 
1980 12 47.000000 
2570 5 70.000000 
2340 12 69.000000 
2811 11 34.000000 
2812 6 67.000000 
2960 3 70.000000 
2550 1 42.000000 
1785 5 29.000000 
2650 5 43.000000 
2550 3 62.000000 
2800 4 66.000000 
2610 1 77.000000 
2600 1 66.000000 
1540 2 55.000000 
3290 4 67.000000 
9170 7 70.000000 
2660 7 77.000000 
2550 11 75.000000 
2547 2 63.000000 
3001 11 84.000000 
2950 10 59.000000 
2811 3 30.000000 
2840 7 68.000000 
9190 3 43.000000 
2370 5 70.000000 
1830 6 72.000000 
1800 11 54.000000 
2811 3 70.000000 
2150 7 70.000000 
2820 3 78.000000 
2222 1 37.000000 
1980 11 54.000000 
2180 6 54.000000 
1880 4 54.000000 
2812 9 55.000000 
2580 10 59.000000 
2580 5 68.000000 
2340 12 76.000000 
1853 4 32.000000 
2800 5 71.000000 
2000 11 74.000000 
2860 3 42.000000 
2560 11 50.000000 
3600 5 58.000000 
2260 2 74.000000 
2550 4 58.000000 
9100 6 74.000000 
2650 10 67.000000 
2811 5 68.000000 
2860 3 75.000000 
9170 6 78.000000 
2260 6 74.000000 
2640 7 64.000000 
2400 11 74.000000 
1860 5 30.000000 
3460 9 67.000000 
2500 12 43.000000 
1860 5 70.000000 
2800 6 46.000000 
3140 8 83.000000 
3390 8 32.000000 
2260 7 78.000000 
2570 11 75.000000 
2630 3 41.000000 
2580 8 73.000000 
2580 7 76.000000 
1933 6 74.000000 
2222 10 42.000000 
2220 2 47.000000 
2220 3 74.000000 
2222 10 73.000000 
2990 9 73.000000 
3270 9 60.000000 
9170 6 49.000000 
1800 6 53.000000 
2520 9 78.000000 
2390 4 55.000000 
2570 3 52.000000 
1970 1 69.000000 
2800 2 63.000000 
3070 3 57.000000 
2890 12 50.000000 
1840 2 78.000000 
3191 2 32.000000 
3190 5 75.000000 
1800 2 79.000000 
2530 4 65.000000 
2640 7 67.000000 
2800 9 71.000000 
9140 1 59.000000 
1820 1 70.000000 
2840 2 35.000000 
2550 8 52.000000 
2830 11 73.000000 
2360 8 78.000000 
3500 12 74.000000 
2320 1 72.000000 
3210 5 65.000000 
2800 9 58.000000 
2500 2 76.000000 
1670 10 68.000000 
3400 2 39.000000 
9280 6 33.000000 
9255 10 38.000000 
2222 12 70.000000 
2320 12 39.000000 
3110 9 46.000000 
3150 4 75.000000 
2490 8 68.000000 
2630 11 72.000000 
2900 5 44.000000 
2830 7 73.000000 
2220 1 71.000000 
2550 6 63.000000 
3140 12 54.000000 
1800 8 58.000000 
3500 11 66.000000 
2500 7 78.000000 
2360 12 69.000000 
3191 1 56.000000 
3191 5 73.000000 
1880 8 75.000000 
2580 9 64.000000 
2200 7 65.000000 
3080 3 46.000000 
2500 7 40.000000 
3130 2 53.000000 
2630 5 66.000000 
1650 6 44.000000 
2830 6 51.000000 
2500 9 75.000000 
2990 8 60.000000 
2811 8 74.000000 
2861 7 74.000000 
2520 5 50.000000 
1760 1 68.000000 
2520 9 54.000000 
2580 8 53.000000 
2500 6 70.000000 
3140 12 67.000000 
3150 9 66.000000 
2850 6 36.000000 
3800 4 58.000000 
3990 8 70.000000 
9170 10 62.000000 
2560 5 65.000000 
2560 1 48.000000 
1850 12 58.000000 
3020 12 66.000000 
2550 8 65.000000 
2880 11 73.000000 
2275 4 60.000000 
9130 10 65.000000 
9140 6 69.000000 
2150 8 78.000000 
1800 6 54.000000 
2570 11 74.000000 
3120 2 76.000000 
1840 8 38.000000 
2812 12 61.000000 
2860 8 76.000000 
3070 10 63.000000 
1860 11 60.000000 
2500 9 75.000000 
2570 2 41.000000 
3060 10 71.000000 
2630 6 61.000000 
2860 7 78.000000 
1970 2 66.000000 
2650 4 47.000000 
2890 3 45.000000 
2800 5 72.000000 
2570 1 76.000000 
3150 1 66.000000 
2970 4 67.000000 
2850 7 73.000000 
2500 3 61.000000 
2650 6 78.000000 
2547 11 40.000000 
2240 12 50.000000 
2800 8 72.000000 
9140 11 33.000000 
2560 9 76.000000 
9130 11 58.000000 
3012 4 65.000000 
3080 5 39.000000 
9255 11 74.000000 
9300 5 72.000000 
2800 4 55.000000 
2220 1 74.000000 
2800 7 46.000000 
2860 12 37.000000 
2110 10 75.000000 
2910 2 70.000000 
3090 7 58.000000 
3360 3 78.000000 
2860 3 73.000000 
2660 9 53.000000 
2820 2 57.000000 
2560 9 76.000000 
2620 6 60.000000 
1730 6 45.000000 
2880 7 68.000000 
2800 5 72.000000 
2650 1 61.000000 
1910 6 71.000000 
1880 1 64.000000 
3020 9 49.000000 
2650 10 78.000000 
2220 10 33.000000 
2800 12 76.000000 
3140 9 60.000000 
2640 10 73.000000 
2550 9 37.000000 
2640 10 66.000000 
1500 4 61.000000 
1840 12 78.000000 
3150 11 77.000000 
1640 8 44.000000 
1933 12 70.000000 
2222 3 60.000000 
2800 7 68.000000 
2812 9 67.000000 
3120 3 77.000000 
1980 12 59.000000 
1851 6 29.000000 
2870 2 29.000000 
3010 8 80.000000 
1910 1 72.000000 
3390 7 40.000000 
2830 10 33.000000 
2000 2 42.000000 
1880 5 72.000000 
9200 5 78.000000 
3190 2 63.000000 
2610 2 63.000000 
2812 1 67.000000 
2650 6 47.000000 
2840 6 67.000000 
2550 12 31.000000 
3191 8 68.000000 
2460 7 52.000000 
1840 12 43.000000 
2910 4 66.000000 
2531 8 61.000000 
2550 3 55.000000 
2550 10 41.000000 
3060 3 68.000000 
3650 11 70.000000 
9150 8 54.000000 
2520 6 57.000000 
2830 9 69.000000 
2800 12 56.000000 
1150 8 50.000000 
3120 7 51.000000 
3150 10 70.000000 
2880 9 46.000000 
2590 3 55.000000 
1800 12 70.000000 
2150 8 66.000000 
9120 4 84.000000 
2900 1 66.000000 
3050 12 74.000000 
1910 4 55.000000 
3000 10 77.000000 
2820 2 72.000000 
2860 11 75.000000 
2860 4 58.000000 
2200 6 40.000000 
2200 3 75.000000 
2531 3 56.000000 
2970 11 62.000000 
2550 6 51.000000 
2500 6 65.000000 
2600 7 75.000000 
2550 6 51.000000 
2800 1 58.000000 
3010 8 60.000000 
2800 5 71.000000 
2580 3 35.000000 
2860 11 63.000000 
9170 10 65.000000 
2940 11 78.000000 
1860 4 56.000000 
2200 12 59.000000 
2960 12 51.000000 
2800 3 53.000000 
9200 1 57.000000 
2861 10 76.000000 
9200 12 78.000000 
2650 2 70.000000 
2800 8 60.000000 
1981 6 47.000000 
1850 7 57.000000 
2860 6 71.000000 
2640 11 48.000000 
2820 10 72.000000 
2600 1 47.000000 
2820 2 77.000000 
2650 9 78.000000 
3020 2 66.000000 
1820 8 51.000000 
2880 6 33.000000 
2550 5 76.000000 
2640 5 42.000000 
1880 6 35.000000 
1982 1 51.000000 
2150 2 74.000000 
2811 4 74.000000 
1981 4 55.000000 
3190 8 55.000000 
1860 3 54.000000 
2820 8 64.000000 
2275 1 61.000000 
2820 1 46.000000 
3001 3 48.000000 
2930 8 53.000000 
2570 2 58.000000 
3110 6 74.000000 
2560 7 72.000000 
3390 3 49.000000 
2980 4 58.000000 
2940 3 55.000000 
2650 12 72.000000 
2950 7 34.000000 
2860 3 65.000000 
3020 1 75.000000 
2560 2 63.000000 
3110 8 45.000000 
3150 11 57.000000 
3770 8 49.000000 
2000 12 70.000000 
2820 3 49.000000 
3500 4 62.000000 
2820 10 74.000000 
3191 3 72.000000 
9200 7 43.000000 
2820 9 60.000000 
2830 11 51.000000 
1820 2 42.000000 
2860 9 52.000000 
2140 2 38.000000 
2220 1 32.000000 
2650 3 65.000000 
2540 5 37.000000 
3130 10 59.000000 
1730 2 75.000000 
2221 1 59.000000 
2460 9 51.000000 
2840 2 51.000000 
1780 4 43.000000 
2820 5 77.000000 
3191 11 78.000000 
1880 2 77.000000 
3001 3 36.000000 
2540 11 55.000000 
1000 11 74.000000 
1730 2 64.000000 
1000 5 71.000000 
2590 11 74.000000 
9170 6 78.000000 
2250 8 58.000000 
2650 1 57.000000 
1820 9 47.000000 
2800 12 66.000000 
3050 3 54.000000 
2440 2 66.000000 
2490 9 30.000000 
3320 8 29.000000 
9150 12 69.000000 
2531 2 36.000000 
2440 1 54.000000 
1853 12 64.000000 
2580 1 54.000000 
1850 9 69.000000 
9200 2 47.000000 
2980 2 58.000000 
3010 5 78.000000 
2840 12 67.000000 
3140 11 64.000000 
3110 2 67.000000 
2221 11 55.000000 
1560 1 60.000000 
2600 4 53.000000 
1982 8 58.000000 
2070 7 76.000000 
2860 11 41.000000 
2520 10 74.000000 
2550 2 65.000000 
2250 12 72.000000 
2222 3 65.000000 
2570 8 48.000000 
9280 2 40.000000 
1980 9 75.000000 
2900 12 77.000000 
2811 5 78.000000 
1982 4 78.000000 
3191 11 63.000000 
2550 6 54.000000 
2530 7 76.000000 
2800 2 47.000000 
2640 6 47.000000 
2860 7 39.000000 
1880 11 72.000000 
3190 12 70.000000 
2800 7 42.000000 
2860 12 41.000000 
2800 12 75.000000 
2180 2 55.000000 
1850 3 48.000000 
3191 11 58.000000 
2800 11 47.000000 
2580 8 73.000000 
2861 12 71.000000 
1800 6 51.000000 
2570 2 67.000000 
2880 2 40.000000 
1840 7 65.000000 
2530 8 73.000000 
1861 1 59.000000 
2222 9 49.000000 
2547 1 66.000000 
2880 2 55.000000 
2800 9 66.000000 
2640 12 48.000000 
2630 9 68.000000 
2590 7 62.000000 
2580 11 69.000000 
2820 1 73.000000 
2260 7 77.000000 
2930 8 36.000000 
2531 11 78.000000 
2840 9 59.000000 
2340 4 41.000000 
2140 5 50.000000 
2540 10 60.000000 
3550 8 43.000000 
3520 1 56.000000 
3920 7 71.000000 
2580 6 50.000000 
2570 12 40.000000 
2560 1 55.000000 
2580 10 77.000000 
1830 2 34.000000 
2531 10 50.000000 
1840 2 65.000000 
3140 2 86.000000 
1820 7 75.000000 
2860 12 57.000000 
2870 7 45.000000 
2530 5 78.000000 
3191 10 72.000000 
3060 5 46.000000 
3060 8 41.000000 
2811 8 59.000000 
2890 5 36.000000 
2170 10 32.000000 
2550 1 46.000000 
2550 5 78.000000 
3000 1 37.000000 
2950 3 52.000000 
3001 9 50.000000 
2520 2 39.000000 
2900 3 50.000000 
2800 3 77.000000 
2600 11 74.000000 
3210 1 72.000000 
2560 6 77.000000 
3190 8 46.000000 
9100 6 56.000000 
2860 11 44.000000 
2627 7 44.000000 
3150 8 55.000000 
2150 7 45.000000 
3150 7 38.000000 
2221 10 54.000000 
2800 1 43.000000 
3012 8 68.000000 
2550 3 69.000000 
9140 7 69.000000 
2580 7 62.000000 
3460 9 70.000000 
3070 10 53.000000 
3001 7 78.000000 
2920 11 53.000000 
1840 10 40.000000 
3010 7 60.000000 
1880 5 70.000000 
9100 2 60.000000 
9240 5 74.000000 
3600 11 49.000000 
2500 10 70.000000 
1860 11 31.000000 
3130 9 64.000000 
2440 8 69.000000 
2221 8 71.000000 
3200 6 66.000000 
3050 7 51.000000 
3040 10 76.000000 
3150 10 73.000000 
1050 7 84.000000 
2820 1 30.000000 
2650 1 58.000000 
2580 9 74.000000 
3000 3 42.000000 
2860 5 66.000000 
3400 7 76.000000 
1840 12 41.000000 
1083 9 52.000000 
3000 12 60.000000 
3210 3 45.000000 
1800 10 58.000000 
3050 2 64.000000 
1700 8 77.000000 
1981 11 46.000000 
1860 4 75.000000 
2223 3 62.000000 
1083 8 67.000000 
2340 12 68.000000 
2540 4 45.000000 
2920 3 57.000000 
2650 8 78.000000 
2530 7 68.000000 
2100 7 74.000000 
9300 6 62.000000 
3500 6 70.000000 
1980 5 39.000000 
2830 7 37.000000 
2440 9 68.000000 
3020 7 66.000000 
1800 12 63.000000 
1785 8 31.000000 
3080 6 78.000000 
1560 8 55.000000 
2650 10 51.000000 
1785 12 53.000000 
1980 5 44.000000 
2830 7 78.000000 
2930 8 34.000000 
2540 9 51.000000 
9190 3 65.000000 
