 1 Anderlecht      0  55 118  96  92 113  97  41  72  50  62  55  78  46  76  82
 2 AA_Gent        55   0 160  52  49 150  53  77  27  32 114  74  35  88 102 124
 3 Standard      118 160   0 195 192  53 196 113 163 133 127 117 178  77  93  38
 4 Club_Brugge    96  52 195   0  56 185   1 112  79  60 134 109  75 133 138 170
 5 Kortrijk       92  49 192  56   0 193  57 121  71  86  91 117  16 126 146 162
 6 RC_Genk       113 150  53 185 193   0 186  89 126  97 155  80 176  70  57  35
 7 Cercle_Brugge  97  53 196   1  57 186   0 113  80  61 135 110  76 134 139 171
 8 KV_Mechelen    41  77 113 112 121  89 113   0  57  15  54  17 106  26  38  80
 9 Lokeren        72  27 163  79  71 126  80  57   0  36 102  53  55  96  82 130
10 Beerschot      50  32 133  60  86  97  61  15  36   0 105  20  85  62  50  98
11 Bergen         62 114 127 134  91 155 135  54 102 105   0 119  98  94 124 122
12 Lierse         55  74 117 109 117  80 110  17  53  20 119   0 102  39  36  84
13 Zulte_Waregem  78  35 178  75  16 176  76 106  55  85  98 102   0 111 131 147
14 OHLeuven       46  88  77 133 126  70 134  26  96  62  94  39 111   0  32  45
15 Westerlo       76 102  93 138 146  57 139  38  82  50 124  36 131  32   0  60
16 Sint_Truiden   82 124  38 170 162  35 171  80 130  98 122  84 147  45  60   0
